Solving Barlin Puzzle for initial situation [1, 9, 2, 8, 3, 7] ...

[1, 9, 2, 8, 3, 7]
[2, 9, 2, 8, 3, 7]
[3, 9, 2, 8, 3, 7]
[4, 9, 2, 8, 3, 7]
[5, 9, 2, 8, 3, 7]
[5, 8, 2, 8, 3, 7]
[5, 7, 2, 8, 3, 7]
[5, 6, 2, 8, 3, 7]
[5, 5, 2, 8, 3, 7]
[5, 5, 3, 8, 3, 7]
[5, 5, 4, 8, 3, 7]
[5, 5, 5, 8, 3, 7]
[5, 5, 5, 7, 3, 7]
[5, 5, 5, 6, 3, 7]
[5, 5, 5, 5, 3, 7]
[5, 5, 5, 5, 4, 7]
[5, 5, 5, 5, 5, 7]
[5, 5, 5, 5, 5, 6]
[5, 5, 5, 5, 5, 5]

====================================================================
[INFO] ------------------------------------------------------------------------
[INFO] BUILD SUCCESSFUL
[INFO] ------------------------------------------------------------------------
[INFO] Total time: 1 second
[INFO] Finished at: Mon Jul 11 23:55:22 CEST 2011
[INFO] Final Memory: 8M/105M
[INFO] ------------------------------------------------------------------------

real	0m2.139s
user	0m3.360s
sys	0m0.150s
