Solving Barlin Puzzle for initial situation [1, 9, 2, 8, 3, 7] ...

[1, 9, 2, 8, 3, 7]
[2, 9, 2, 8, 3, 7]
[2, 9, 2, 8, 3, 6]
[2, 9, 2, 8, 3, 5]
[2, 9, 2, 8, 3, 4]
[2, 9, 2, 8, 3, 3]
[2, 9, 2, 7, 3, 3]
[2, 9, 2, 6, 3, 3]
[2, 9, 2, 5, 3, 3]
[2, 9, 2, 4, 3, 3]
[2, 9, 2, 3, 3, 3]
[2, 9, 3, 3, 3, 3]
[2, 8, 3, 3, 3, 3]
[2, 7, 3, 3, 3, 3]
[2, 6, 3, 3, 3, 3]
[2, 5, 3, 3, 3, 3]
[2, 4, 3, 3, 3, 3]
[2, 3, 3, 3, 3, 3]
[3, 3, 3, 3, 3, 3]

====================================================================
[INFO] ------------------------------------------------------------------------
[INFO] BUILD SUCCESSFUL
[INFO] ------------------------------------------------------------------------
[INFO] Total time: 27 seconds
[INFO] Finished at: Mon Jul 11 23:38:30 CEST 2011
[INFO] Final Memory: 17M/560M
[INFO] ------------------------------------------------------------------------

real	0m28.046s
user	0m33.050s
sys	0m0.660s
