Solving Barlin Puzzle for initial situation [1, 9, 2, 8, 3, 7] ...

[1, 9, 2, 8, 3, 7]
[1, 9, 2, 8, 3, 6]
[1, 9, 2, 8, 3, 5]
[1, 9, 2, 8, 3, 4]
[1, 9, 2, 8, 3, 3]
[1, 9, 2, 7, 3, 3]
[1, 9, 2, 6, 3, 3]
[1, 9, 2, 5, 3, 3]
[1, 9, 2, 4, 3, 3]
[1, 9, 2, 3, 3, 3]
[1, 9, 3, 3, 3, 3]
[1, 8, 3, 3, 3, 3]
[1, 7, 3, 3, 3, 3]
[1, 6, 3, 3, 3, 3]
[1, 5, 3, 3, 3, 3]
[1, 4, 3, 3, 3, 3]
[1, 3, 3, 3, 3, 3]
[2, 3, 3, 3, 3, 3]
[3, 3, 3, 3, 3, 3]

====================================================================
[INFO] ------------------------------------------------------------------------
[INFO] BUILD SUCCESSFUL
[INFO] ------------------------------------------------------------------------
[INFO] Total time: 36 seconds
[INFO] Finished at: Mon Jul 11 23:32:01 CEST 2011
[INFO] Final Memory: 15M/704M
[INFO] ------------------------------------------------------------------------

real	0m37.922s
user	0m44.160s
sys	0m0.710s
